Results,Podium,Driver,Actual,Predicted
3.0111902341977865,3,rosberg,0,1
4.049197134842248,18,hamilton,0,0
5.252254993129444,1,ricciardo,1,0
6.829593916713527,4,raikkonen,0,0
7.484890245946068,2,max_verstappen,0,0
8.074873317165656,22,vettel,0,0
9.52054535870707,6,perez,0,0
9.735450881358172,8,hulkenberg,0,0
9.831340442553788,5,bottas,0,0
10.842067186365574,13,massa,0,0
11.579251320085664,9,button,0,0
12.079006458351728,21,grosjean,0,0
12.97131696334635,7,alonso,0,0
13.100137087745674,11,sainz,0,0
13.240821077676333,14,kvyat,0,0
13.242665456890757,20,kevin_magnussen,0,0
14.966374366754078,10,jolyon_palmer,0,0
15.281045407723925,15,wehrlein,0,0
15.739355051395615,19,gutierrez,0,0
17.638862660115,12,ericsson,0,0
17.929698281765994,16,ocon,0,0
18.516573979157954,17,nasr,0,0
