Results,Podium,Driver,Actual,Predicted
2.532240322070672,1,rosberg,1,1
3.377578564861564,3,hamilton,0,0
5.183701525646975,4,ricciardo,0,0
5.757597774703412,2,raikkonen,0,0
7.407237240140839,21,vettel,0,0
8.012612957102059,5,grosjean,0,0
8.509795213941736,8,massa,0,0
9.026307751458582,6,max_verstappen,0,0
9.574635368553002,15,hulkenberg,0,0
10.49599041312566,9,bottas,0,0
11.113051201602907,7,kvyat,0,0
11.923610166626382,18,sainz,0,0
12.322099646309782,10,vandoorne,0,0
14.748504515889252,22,jolyon_palmer,0,0
15.618397032081297,16,perez,0,0
15.640248961641994,12,ericsson,0,0
16.95944872094843,13,wehrlein,0,0
17.06009804682587,14,nasr,0,0
17.074336270284718,20,button,0,0
18.231234938482938,17,haryanto,0,0
18.48613155996432,19,gutierrez,0,0
