Results,Podium,Driver,Actual,Predicted
2.584257234032125,22,rosberg,0,1
4.205867722320246,2,raikkonen,0,0
4.810645143216266,21,hamilton,0,0
6.815927291190787,3,vettel,0,0
6.879787051387885,4,ricciardo,0,0
7.3128779494368965,1,max_verstappen,1,0
9.315812279679589,5,bottas,0,0
10.396588699551454,10,kvyat,0,0
10.558000192905265,8,massa,0,0
10.871644431208576,6,sainz,0,0
10.952005050047491,7,perez,0,0
11.043057101194842,19,alonso,0,0
11.898640466163288,18,grosjean,0,0
12.17386932463478,20,hulkenberg,0,0
12.889052093776137,14,kevin_magnussen,0,0
13.474061095441503,9,button,0,0
15.624482758228355,11,gutierrez,0,0
15.744010151023693,13,jolyon_palmer,0,0
17.29347833265838,12,ericsson,0,0
18.14515179862275,16,wehrlein,0,0
18.239000395557383,15,nasr,0,0
18.94439683965193,17,haryanto,0,0
