Results,Podium,Driver,Actual,Predicted
2.874688220578727,7,rosberg,0,1
4.19380313893501,1,hamilton,1,0
5.028366982626233,2,ricciardo,0,0
7.007867244744282,4,vettel,0,0
7.841236714986889,21,raikkonen,0,0
9.582185831675053,3,perez,0,0
10.047055020041753,12,bottas,0,0
10.57200562842047,20,kvyat,0,0
10.661835339782254,8,sainz,0,0
10.771971057081444,5,alonso,0,0
10.816007384331833,10,massa,0,0
11.336708130023528,6,hulkenberg,0,0
12.483027725676116,13,grosjean,0,0
12.935020766326343,19,kevin_magnussen,0,0
13.030858855250157,9,button,0,0
15.21460364842192,11,gutierrez,0,0
16.03403656882559,22,jolyon_palmer,0,0
16.762423391064036,16,ericsson,0,0
17.602443611792662,14,wehrlein,0,0
18.605349697747325,15,haryanto,0,0
