Results,Podium,Driver,Actual,Predicted
3.4840307680083815,1,hamilton,1,1
4.155017491758145,4,rosberg,0,0
4.9142957507467635,2,ricciardo,0,0
6.887385529051635,6,raikkonen,0,0
7.217208562733249,3,max_verstappen,0,0
8.568858343552986,5,vettel,0,0
9.102672876072344,9,bottas,0,0
9.68835460395889,10,perez,0,0
9.935138773432717,22,massa,0,0
10.350133159862754,7,hulkenberg,0,0
12.38271065080153,8,button,0,0
12.73419714740426,14,sainz,0,0
12.85823163255025,12,alonso,0,0
13.389123053787692,16,kevin_magnussen,0,0
13.41432870296592,15,kvyat,0,0
13.423949129809259,13,grosjean,0,0
15.04102659678731,17,wehrlein,0,0
15.361627619503647,11,gutierrez,0,0
16.17644033315555,19,jolyon_palmer,0,0
17.79006642696464,18,ericsson,0,0
17.919216296588203,20,haryanto,0,0
18.566080938963356,21,nasr,0,0
