Results,Podium,Driver,Actual,Predicted
3.7063294215226934,3,rosberg,0,1
4.067033706403834,1,hamilton,1,0
5.724068744139179,5,raikkonen,0,0
5.811586055393209,4,ricciardo,0,0
7.322125914946302,2,max_verstappen,0,0
8.64878223764257,14,bottas,0,0
9.609903169736079,9,vettel,0,0
10.201740439968958,6,perez,0,0
10.47479629869677,7,hulkenberg,0,0
10.777669722538906,8,sainz,0,0
10.83276501609354,11,massa,0,0
11.211109071486005,13,alonso,0,0
12.197163691726571,20,grosjean,0,0
13.083477615670573,10,kvyat,0,0
13.324373945964528,17,kevin_magnussen,0,0
13.631096159385924,12,button,0,0
14.952452253070465,22,wehrlein,0,0
15.347742014959247,16,gutierrez,0,0
16.365720337173038,18,jolyon_palmer,0,0
17.80997020505585,19,haryanto,0,0
18.540542823404962,15,nasr,0,0
