Results,Podium,Driver,Actual,Predicted
2.614776175995999,1,rosberg,1,1
5.1200636930058785,3,raikkonen,0,0
6.368258203254534,11,ricciardo,0,0
7.233266249946432,5,massa,0,0
7.943908180252282,20,vettel,0,0
8.014127265180171,4,bottas,0,0
9.34297458633299,15,kvyat,0,0
10.32080315840916,8,grosjean,0,0
10.628980265831093,19,max_verstappen,0,0
12.209056440882783,6,alonso,0,0
12.37165707504518,12,sainz,0,0
12.505479532305598,21,hulkenberg,0,0
12.821450417226124,7,kevin_magnussen,0,0
13.555439130816136,9,perez,0,0
13.957905919206162,10,button,0,0
15.800587065223045,13,jolyon_palmer,0,0
16.95553726792925,14,ericsson,0,0
17.278980498514343,17,gutierrez,0,0
17.448854356206212,16,nasr,0,0
17.657917943861165,18,wehrlein,0,0
19.129015743012193,22,haryanto,0,0
