Results,Podium,Driver,Actual,Predicted
3.118485743074278,1,hamilton,1,1
3.8368528892796756,2,rosberg,0,0
4.858892164690873,3,ricciardo,0,0
7.0762699452252775,5,max_verstappen,0,0
7.896377622813812,4,vettel,0,0
8.17768850304853,6,raikkonen,0,0
9.275359765879521,9,bottas,0,0
10.407839738263966,8,sainz,0,0
10.533068953702944,10,hulkenberg,0,0
10.683710224153671,7,alonso,0,0
10.932184395512552,11,perez,0,0
11.162191580755048,14,grosjean,0,0
11.681586900634022,18,massa,0,0
11.716728225351483,22,button,0,0
12.074870562368853,16,kvyat,0,0
13.197749368367376,15,kevin_magnussen,0,0
15.000773096682849,19,wehrlein,0,0
15.573674871057982,13,gutierrez,0,0
16.394630199149145,12,jolyon_palmer,0,0
17.996671464049477,21,haryanto,0,0
18.516818778123696,17,nasr,0,0
