Results,Podium,Driver,Actual,Predicted
3.190849728601599,2,rosberg,0,1
4.094247775585281,1,hamilton,1,0
7.089991003415552,8,ricciardo,0,0
7.403714347233642,3,max_verstappen,0,0
7.826699947848223,20,raikkonen,0,0
8.014864217417005,5,vettel,0,0
9.653778219191803,4,perez,0,0
10.113072913381771,7,hulkenberg,0,0
11.259609126305088,11,bottas,0,0
11.336565134796338,22,grosjean,0,0
12.216118446184574,18,massa,0,0
12.565852020604478,10,alonso,0,0
13.353091521025839,6,sainz,0,0
13.438470466571152,13,kvyat,0,0
13.522569114399651,14,kevin_magnussen,0,0
13.89579063581529,16,button,0,0
14.650928841486056,9,nasr,0,0
14.87188450155024,19,jolyon_palmer,0,0
15.316469540109091,15,wehrlein,0,0
15.611600592630902,17,gutierrez,0,0
17.260545134162136,21,ericsson,0,0
18.23522672450242,12,ocon,0,0
