Results,Podium,Driver,Actual,Predicted
2.8866039178702234,2,vettel,0,1
4.032424751187566,4,hamilton,0,0
5.932435498267845,3,raikkonen,0,0
6.2841875326531635,1,bottas,1,0
7.617279879122541,17,ricciardo,0,0
8.187997196128528,5,max_verstappen,0,0
8.916371208284907,6,perez,0,0
9.12235408839891,9,massa,0,0
11.043432117037437,7,ocon,0,0
11.268747845202888,8,hulkenberg,0,0
11.402315953280752,10,sainz,0,0
12.618529067069785,13,kevin_magnussen,0,0
12.857801927196801,19,grosjean,0,0
12.865114212076882,12,kvyat,0,0
14.368207247616601,11,stroll,0,0
15.14922553749034,16,wehrlein,0,0
15.539267910080723,18,jolyon_palmer,0,0
16.624150596796323,20,alonso,0,0
16.676357550170113,15,ericsson,0,0
16.739482172875068,14,vandoorne,0,0
