Results,Podium,Driver,Actual,Predicted
3.8525114801975975,1,vettel,1,1
6.447328748289173,2,bottas,0,0
7.009664188302492,5,max_verstappen,0,0
7.08761317057153,3,raikkonen,0,0
7.906051619603243,9,perez,0,0
9.274454532946795,6,ricciardo,0,0
9.815485536221516,11,sainz,0,0
9.85731292097531,18,ocon,0,0
10.698324843035389,7,massa,0,0
11.001189321282126,10,hulkenberg,0,0
11.73699613534005,8,alonso,0,0
11.824554974946452,15,grosjean,0,0
12.265104825302041,16,stroll,0,0
12.740728395790581,19,vandoorne,0,0
13.529085343713781,20,kevin_magnussen,0,0
14.66213208750858,14,wehrlein,0,0
15.86092493960646,12,gasly,0,0
15.960435940969562,13,ericsson,0,0
