Results,Podium,Driver,Actual,Predicted
2.9992182789643893,1,hamilton,1,1
5.093741930127187,3,vettel,0,0
6.584285400024715,2,bottas,0,0
7.6853399439668,5,raikkonen,0,0
8.257564080670726,4,ricciardo,0,0
8.440737083947893,6,ocon,0,0
9.364226928182301,9,perez,0,0
9.905118970048385,10,max_verstappen,0,0
10.01838533944301,7,stroll,0,0
10.579516452453326,8,massa,0,0
11.904145524585015,11,kevin_magnussen,0,0
12.073267740711614,14,sainz,0,0
12.655102409149379,13,hulkenberg,0,0
13.44851426482945,12,kvyat,0,0
13.691606510618671,15,grosjean,0,0
13.81852373979149,17,alonso,0,0
13.979988719550963,16,wehrlein,0,0
14.778064436938223,19,vandoorne,0,0
15.30134825314292,20,jolyon_palmer,0,0
16.066318713858657,18,ericsson,0,0
