Results,Podium,Driver,Actual,Predicted
2.404315776853954,1,vettel,1,1
3.457492574216462,2,hamilton,0,0
5.373280946726241,3,bottas,0,0
5.781020027359656,4,raikkonen,0,0
7.404023550032135,5,max_verstappen,0,0
8.156102003818274,6,massa,0,0
8.377037963690192,7,perez,0,0
9.191295811040705,8,sainz,0,0
10.03178976697693,9,kvyat,0,0
10.529619518192428,10,ocon,0,0
11.496508172409978,11,hulkenberg,0,0
12.663304317508139,13,vandoorne,0,0
12.691388964327812,12,giovinazzi,0,0
13.792116195344875,14,alonso,0,0
15.100806371703468,16,stroll,0,0
15.402063661397401,15,kevin_magnussen,0,0
16.03525352643075,18,ericsson,0,0
17.110886650797312,19,jolyon_palmer,0,0
18.117437579505655,20,grosjean,0,0
