Results,Podium,Driver,Actual,Predicted
3.2411926193326472,1,vettel,1,1
4.9351904211749735,4,hamilton,0,0
6.254131282678024,3,bottas,0,0
6.519775659767366,2,raikkonen,0,0
6.9089398532806205,20,ricciardo,0,0
7.639031201657701,5,max_verstappen,0,0
9.876686739383926,7,sainz,0,0
10.119472769471182,9,ocon,0,0
10.213359414282309,8,perez,0,0
11.305737955055504,17,hulkenberg,0,0
11.958831767475592,6,alonso,0,0
12.797835761427727,14,stroll,0,0
13.320335241309774,19,grosjean,0,0
13.593890494966299,13,kevin_magnussen,0,0
13.94517265388926,11,kvyat,0,0
14.452950179933106,10,vandoorne,0,0
14.932347230963192,15,wehrlein,0,0
15.258813437779418,12,jolyon_palmer,0,0
16.309845799009153,18,resta,0,0
16.616728645043995,16,ericsson,0,0
