Results,Podium,Driver,Actual,Predicted
2.959304496240142,1,vettel,1,1
3.7791796656359407,2,hamilton,0,0
5.8527876541604655,3,bottas,0,0
6.351433652299653,4,raikkonen,0,0
7.128993672913023,5,ricciardo,0,0
7.647183579383121,18,max_verstappen,0,0
8.880838283044266,6,massa,0,0
10.829910152323066,8,grosjean,0,0
11.05839971852879,7,perez,0,0
11.484914596563181,16,sainz,0,0
12.209751721476142,9,hulkenberg,0,0
12.306250621060462,10,ocon,0,0
12.723606665138762,19,kevin_magnussen,0,0
12.771052623023538,12,kvyat,0,0
15.089254886865431,11,wehrlein,0,0
15.36637223597138,13,jolyon_palmer,0,0
16.104431014976022,20,vandoorne,0,0
16.37124831468559,17,stroll,0,0
16.732829375601927,15,ericsson,0,0
