Results,Podium,Driver,Actual,Predicted
2.9074402454371118,1,vettel,1,1
5.396217729767166,7,hamilton,0,0
5.765764092007303,2,raikkonen,0,0
5.973064806485845,4,bottas,0,0
6.960247587777702,5,max_verstappen,0,0
7.3915143476530645,3,ricciardo,0,0
8.879840161081995,6,sainz,0,0
8.96534705488738,13,perez,0,0
11.048355127641937,20,hulkenberg,0,0
11.312308214757222,8,grosjean,0,0
11.488431119665751,9,massa,0,0
11.750218981959378,12,ocon,0,0
12.219261226466626,10,kevin_magnussen,0,0
12.51967269126402,14,kvyat,0,0
13.404042281116588,19,wehrlein,0,0
14.971100752704192,11,jolyon_palmer,0,0
15.235072878464456,15,stroll,0,0
15.539378323706527,17,ericsson,0,0
