Results,Podium,Driver,Actual,Predicted
3.708692700058245,9,hamilton,0,1
3.8354367193814096,4,vettel,0,0
6.8666603760004765,2,bottas,0,0
6.916270957857973,1,max_verstappen,1,0
7.616027282692297,3,raikkonen,0,0
8.835217639805329,20,ricciardo,0,0
8.991769926599916,5,ocon,0,0
9.272781290677347,7,perez,0,0
9.785476130073251,16,sainz,0,0
10.883991015677589,11,massa,0,0
10.935818924971182,19,hulkenberg,0,0
11.0202404596059,6,stroll,0,0
13.53201686725853,15,grosjean,0,0
13.545016101836165,8,kevin_magnussen,0,0
14.32788925698132,14,wehrlein,0,0
16.051076000658632,17,ericsson,0,0
