Results,Podium,Driver,Actual,Predicted
3.378599323546076,2,vettel,0,1
5.679018715055336,4,hamilton,0,0
6.28000813468757,3,ricciardo,0,0
6.2904799853767495,1,bottas,1,0
6.567663962089877,5,raikkonen,0,0
7.84386512945918,20,max_verstappen,0,0
8.739122857447814,7,perez,0,0
9.958210024002772,8,ocon,0,0
10.263792933644389,17,sainz,0,0
11.411450879348047,6,grosjean,0,0
11.735414475119246,13,hulkenberg,0,0
12.500734719911826,9,massa,0,0
12.718121445513686,10,stroll,0,0
13.691632631452059,16,kvyat,0,0
13.849917127492203,19,alonso,0,0
15.199108909874052,11,jolyon_palmer,0,0
15.853393174557223,15,ericsson,0,0
15.885011660128717,12,vandoorne,0,0
