Results,Podium,Driver,Actual,Predicted
3.44964968526765,2,vettel,0,1
3.6534856867123233,1,hamilton,1,0
6.366971756659413,5,bottas,0,0
6.939507994622741,3,ricciardo,0,0
7.0998017958909205,4,raikkonen,0,0
7.696872853284598,19,max_verstappen,0,0
9.063481610720656,17,perez,0,0
9.726497102854244,9,ocon,0,0
10.901907923078967,6,hulkenberg,0,0
11.606989764642497,10,sainz,0,0
11.770944768901886,7,grosjean,0,0
12.366393252848617,18,alonso,0,0
12.520062335082184,11,stroll,0,0
12.682405642426023,8,massa,0,0
12.815327676893785,15,kevin_magnussen,0,0
14.049290702179663,12,kvyat,0,0
14.909469687062842,20,wehrlein,0,0
16.35842268123599,16,ericsson,0,0
