Results,Podium,Driver,Actual,Predicted
2.8248207076926435,1,vettel,1,1
3.2488096830826714,2,hamilton,0,0
4.555959229667005,3,raikkonen,0,0
6.099805101705132,4,ricciardo,0,0
7.517811963808182,6,max_verstappen,0,0
7.798496931067393,5,alonso,0,0
8.228069378989945,7,hulkenberg,0,0
9.679231757196225,9,vandoorne,0,0
10.516073745573646,10,sainz,0,0
11.389273198976701,11,perez,0,0
12.14257159039151,12,ocon,0,0
12.474881012351927,13,leclerc,0,0
13.763994063094897,14,stroll,0,0
14.800988747239387,15,brendon_hartley,0,0
15.438259772996453,16,grosjean,0,0
15.863347275662475,17,kevin_magnussen,0,0
16.441437142638396,18,gasly,0,0
17.32521680818962,19,ericsson,0,0
18.43388501729455,20,sirotkin,0,0
