Results,Podium,Driver,Actual,Predicted
3.8718948780606275,16,hamilton,0,1
4.26925986481276,3,vettel,0,0
5.441462818039869,2,raikkonen,0,0
6.829375269475933,1,max_verstappen,1,0
7.082471856335564,19,bottas,0,0
7.9245557921627,18,ricciardo,0,0
9.709877997779435,5,kevin_magnussen,0,0
10.540930591271676,20,hulkenberg,0,0
10.795797663452907,12,sainz,0,0
11.522977775987572,4,grosjean,0,0
11.874960894126145,8,alonso,0,0
11.919757707993737,11,gasly,0,0
11.981737131742536,6,ocon,0,0
12.965724918642165,7,perez,0,0
13.251660695865368,15,vandoorne,0,0
13.583653774409212,9,leclerc,0,0
14.087542183947754,10,ericsson,0,0
14.164298969739953,17,brendon_hartley,0,0
14.428339829247198,14,stroll,0,0
15.580856023039864,13,sirotkin,0,0
