Results,Podium,Driver,Actual,Predicted
2.7430211600209407,8,vettel,0,1
3.8026413620741186,4,hamilton,0,0
4.529694489701432,2,bottas,0,0
6.5754570751365415,3,raikkonen,0,0
6.634674223623319,1,ricciardo,1,0
8.685660766149937,6,hulkenberg,0,0
9.012533979784326,5,max_verstappen,0,0
9.561859650573027,7,alonso,0,0
10.824457278798766,10,kevin_magnussen,0,0
11.106597156234798,13,vandoorne,0,0
11.717920088865055,18,gasly,0,0
11.898750397162944,9,sainz,0,0
12.865420505216878,11,ocon,0,0
12.928341703193446,16,ericsson,0,0
14.495455264624075,12,perez,0,0
15.130128429637752,17,grosjean,0,0
15.165700219377399,19,leclerc,0,0
16.093978042766647,14,stroll,0,0
16.20878464217298,20,brendon_hartley,0,0
16.20956393303944,15,sirotkin,0,0
