Results,Podium,Driver,Actual,Predicted
2.991858815583928,1,hamilton,1,1
4.190849138139172,3,vettel,0,0
4.613559946589098,2,bottas,0,0
5.974802156390775,4,raikkonen,0,0
8.311610418322802,8,kevin_magnussen,0,0
10.63502840667365,10,perez,0,0
10.667516827331536,9,ocon,0,0
11.023361371663045,11,grosjean,0,0
11.590947187022255,7,leclerc,0,0
12.297772718284122,13,ericsson,0,0
12.341648848010776,14,alonso,0,0
13.032309991661101,16,vandoorne,0,0
13.882678596869813,15,stroll,0,0
14.50991774708075,20,brendon_hartley,0,0
14.953181030047459,18,sirotkin,0,0
