Results,Podium,Driver,Actual,Predicted
3.4280241634346833,1,hamilton,1,1
3.8412789492644657,4,vettel,0,0
4.659664943983944,2,raikkonen,0,0
6.023961958753477,3,bottas,0,0
7.666820890819467,5,max_verstappen,0,0
10.259155470125984,8,sainz,0,0
10.27069933736769,16,kevin_magnussen,0,0
10.680824093754644,6,ocon,0,0
10.70077146114445,20,grosjean,0,0
10.762593100779121,14,gasly,0,0
12.164540689849094,7,perez,0,0
12.540645504380207,18,alonso,0,0
12.893887702348877,9,stroll,0,0
13.206405177355967,12,vandoorne,0,0
13.301550856316258,11,leclerc,0,0
13.565483196119084,15,ericsson,0,0
14.439216161435551,19,brendon_hartley,0,0
14.909884690140546,10,sirotkin,0,0
