Results,Podium,Driver,Actual,Predicted
2.6063273375614835,1,hamilton,1,1
3.600018467216832,4,vettel,0,0
5.107186237703902,2,bottas,0,0
6.392844642456763,17,raikkonen,0,0
7.648116449417329,5,ricciardo,0,0
8.01532382538748,3,max_verstappen,0,0
9.097915013947905,8,alonso,0,0
9.936917629721075,6,kevin_magnussen,0,0
10.638260503678056,7,sainz,0,0
10.78567166775894,20,hulkenberg,0,0
11.244931104416558,15,vandoorne,0,0
11.778032347990322,19,gasly,0,0
12.563143127219998,9,perez,0,0
12.907488541894146,10,leclerc,0,0
13.807075501296513,16,ocon,0,0
13.950834317573195,11,stroll,0,0
13.951648101659408,13,ericsson,0,0
15.06967327119796,18,grosjean,0,0
16.529418264923205,14,sirotkin,0,0
