Results,Podium,Driver,Actual,Predicted
3.239807779280903,1,vettel,1,1
4.494842175312094,5,hamilton,0,0
4.682658904980076,2,bottas,0,0
7.335735477622339,4,ricciardo,0,0
7.3919989776937465,3,max_verstappen,0,0
7.683085729922534,6,raikkonen,0,0
9.5161482154768,7,hulkenberg,0,0
10.227634055887345,8,sainz,0,0
10.451594876359728,18,alonso,0,0
11.0476963259566,9,ocon,0,0
11.198718369818106,13,kevin_magnussen,0,0
11.354839787562234,14,perez,0,0
12.222664560664281,16,vandoorne,0,0
12.965720738616412,11,gasly,0,0
13.353656987825703,10,leclerc,0,0
14.110661988274495,19,brendon_hartley,0,0
14.41372071908456,15,ericsson,0,0
14.621750038831756,20,stroll,0,0
16.010428000626472,17,sirotkin,0,0
