Results,Podium,Driver,Actual,Predicted
2.4060530576021986,1,vettel,1,1
4.39417467785268,2,bottas,0,0
4.62251629867902,3,hamilton,0,0
6.781739126211163,18,raikkonen,0,0
7.07152206325082,7,alonso,0,0
8.176174393164777,20,ricciardo,0,0
8.334390843602758,6,hulkenberg,0,0
8.849012699829576,4,gasly,0,0
9.567403393882003,5,kevin_magnussen,0,0
10.982381280224438,8,vandoorne,0,0
12.279223922846391,11,sainz,0,0
12.45291904729922,9,ericsson,0,0
12.58505001742153,10,ocon,0,0
14.511553451110037,16,perez,0,0
15.111801327054202,12,leclerc,0,0
15.3381422245615,13,grosjean,0,0
16.316342692739994,14,stroll,0,0
16.34082358310811,17,brendon_hartley,0,0
17.25845448124768,15,sirotkin,0,0
