Results,Podium,Driver,Actual,Predicted
3.986927469141223,18,vettel,0,1
5.076200712295345,3,raikkonen,0,0
5.73794151575286,1,hamilton,1,0
6.053542142536899,2,bottas,0,0
7.1317321111426555,4,max_verstappen,0,0
8.95718990558967,5,hulkenberg,0,0
9.838944891402445,11,kevin_magnussen,0,0
10.272789635024651,20,ricciardo,0,0
10.518214632373201,16,alonso,0,0
10.60100456056294,12,sainz,0,0
10.777680212363261,7,perez,0,0
10.931622306822787,6,grosjean,0,0
11.975194077977148,15,leclerc,0,0
12.188768003411981,8,ocon,0,0
13.254051612888263,13,vandoorne,0,0
13.394023692803426,9,ericsson,0,0
13.718742924800882,14,gasly,0,0
14.051473867041068,10,brendon_hartley,0,0
14.951654072413648,17,stroll,0,0
15.800356795817677,19,sirotkin,0,0
