Results,Podium,Driver,Actual,Predicted
3.2619754886484054,1,hamilton,1,1
3.8580041450591427,6,vettel,0,0
5.70493732812985,3,raikkonen,0,0
6.22164595918142,5,bottas,0,0
8.135693516397941,2,max_verstappen,0,0
10.292874385802214,4,ricciardo,0,0
10.675689976402,19,hulkenberg,0,0
10.69045886044932,9,kevin_magnussen,0,0
10.71833809417232,8,grosjean,0,0
11.73891736477802,7,leclerc,0,0
11.786902878095686,10,perez,0,0
11.97479365866735,20,ericsson,0,0
12.034699925398334,13,gasly,0,0
12.537470750244346,12,sainz,0,0
12.803231149186647,17,alonso,0,0
13.228880417589666,15,ocon,0,0
13.82808901600753,14,vandoorne,0,0
13.885035521640575,11,brendon_hartley,0,0
14.227981224030632,18,stroll,0,0
14.724845826584701,16,sirotkin,0,0
