Results,Podium,Driver,Actual,Predicted
3.543873193471883,1,hamilton,1,1
4.190849138139172,2,vettel,0,0
5.352945869812983,19,raikkonen,0,0
6.9360533162636155,3,max_verstappen,0,0
7.4045845573216775,5,bottas,0,0
7.874772687717775,4,ricciardo,0,0
9.605456131676002,20,hulkenberg,0,0
10.823785476651949,9,grosjean,0,0
10.957064713553871,7,leclerc,0,0
10.959154726189613,17,ocon,0,0
11.526417554140403,6,sainz,0,0
11.744400743466487,10,kevin_magnussen,0,0
12.351895688319608,8,perez,0,0
12.83970113054338,18,ericsson,0,0
13.003483224036902,11,alonso,0,0
13.575129153656334,14,vandoorne,0,0
13.791002872605313,16,gasly,0,0
14.179471604497483,13,stroll,0,0
14.320264809375358,12,brendon_hartley,0,0
15.821504030524805,15,sirotkin,0,0
