Results,Podium,Driver,Actual,Predicted
2.789629353681949,1,hamilton,1,1
4.435530149452507,2,bottas,0,0
5.34188224684023,6,vettel,0,0
5.9803070631530435,5,raikkonen,0,0
6.720208848376412,3,max_verstappen,0,0
9.478582178812706,7,perez,0,0
10.230417997816696,8,grosjean,0,0
10.595119466987935,20,kevin_magnussen,0,0
11.385353583126129,9,ocon,0,0
11.46282461543991,11,gasly,0,0
11.494834638998448,19,hulkenberg,0,0
12.083309849863658,18,leclerc,0,0
12.170497582104522,10,sainz,0,0
12.855534176370625,14,alonso,0,0
13.25761679116245,15,vandoorne,0,0
13.532550614665887,12,ericsson,0,0
13.692658033608915,13,brendon_hartley,0,0
14.097650943854836,17,stroll,0,0
15.605909223231444,16,sirotkin,0,0
