Results,Podium,Driver,Actual,Predicted
3.98,2,max_verstappen,0,1
4.36,1,hamilton,1,0
4.85,4,leclerc,0,0
4.95,8,bottas,0,0
8.298,3,vettel,0,0
8.96939393939394,6,gasly,0,0
9.58,9,norris,0,0
10.355403846153845,5,sainz,0,0
10.542041666666666,7,raikkonen,0,0
11.933571428571426,20,grosjean,0,0
12.736229480238102,17,stroll,0,0
13.015027777777778,14,ricciardo,0,0
13.075833333333335,12,hulkenberg,0,0
13.16,10,albon,0,0
13.70796427896428,13,kevin_magnussen,0,0
14.113023809523812,15,kvyat,0,0
14.409851898952303,11,perez,0,0
15.091,18,giovinazzi,0,0
15.292391304347825,19,kubica,0,0
16.532941176470587,16,russell,0,0
