Results,Podium,Driver,Actual,Predicted
2.49,9,hamilton,0,1
3.916666666666666,1,max_verstappen,1,0
5.45,15,bottas,0,0
8.28,14,gasly,0,0
10.234583333333333,5,sainz,0,0
10.954920634920637,7,grosjean,0,0
11.057492063492063,20,perez,0,0
11.647924528301887,16,hulkenberg,0,0
12.05548418248418,19,ricciardo,0,0
12.24,12,raikkonen,0,0
12.364010323010323,4,stroll,0,0
12.58,18,norris,0,0
13.07302380952381,3,kvyat,0,0
13.0844151235314,8,kevin_magnussen,0,0
13.686791474654376,6,albon,0,0
14.04,13,giovinazzi,0,0
15.952391304347826,10,kubica,0,0
17.11,11,russell,0,0
