Results,Podium,Driver,Actual,Predicted
1.690754716981132,1,hamilton,1,1
3.8507547169811325,2,bottas,0,0
4.776666666666667,5,vettel,0,0
5.152643365895681,3,leclerc,0,0
5.255577525922353,4,max_verstappen,0,0
7.757868774856581,10,gasly,0,0
9.449928817472935,6,sainz,0,0
10.36912984496124,11,ricciardo,0,0
10.488766603415561,9,norris,0,0
12.3485,7,raikkonen,0,0
12.868446476873896,13,stroll,0,0
13.56793854036596,17,kevin_magnussen,0,0
13.586646436352318,15,albon,0,0
13.68791483398065,20,grosjean,0,0
13.68868563685637,8,hulkenberg,0,0
14.050368903909224,14,kvyat,0,0
14.763570934465458,12,perez,0,0
15.24592857142857,16,giovinazzi,0,0
15.706727564102565,19,russell,0,0
15.88,18,kubica,0,0
