Results,Podium,Driver,Actual,Predicted
3.3866666666666663,6,leclerc,0,1
5.788461538461538,18,max_verstappen,0,0
6.41,1,bottas,1,0
6.976923076923076,2,vettel,0,0
7.84,3,hamilton,0,0
8.841185824473632,7,gasly,0,0
9.241304347826087,4,albon,0,0
10.46,11,norris,0,0
10.919798604548605,5,sainz,0,0
11.526666666666666,9,stroll,0,0
12.470294968189705,12,raikkonen,0,0
12.827040023894863,13,grosjean,0,0
12.839823907976081,8,perez,0,0
12.843402777777778,19,ricciardo,0,0
13.13,14,giovinazzi,0,0
14.01995432194617,10,kvyat,0,0
14.408635031635033,20,hulkenberg,0,0
16.920625,16,russell,0,0
