Results,Podium,Driver,Actual,Predicted
4.296947341504803,5,hamilton,0,1
4.430292881809911,3,bottas,0,0
5.7002122762797685,1,max_verstappen,1,0
6.622048570906069,2,leclerc,0,0
9.184276342286648,7,gasly,0,0
9.476190094821431,6,norris,0,0
10.62500027606142,9,raikkonen,0,0
11.150008867240935,19,kevin_magnussen,0,0
11.514433026548366,12,ricciardo,0,0
11.818465475784468,8,sainz,0,0
12.309262040708177,13,hulkenberg,0,0
12.42884027711409,11,perez,0,0
13.27895613504814,17,kvyat,0,0
13.280071500356453,14,stroll,0,0
13.316168881816871,15,albon,0,0
13.326234873373217,16,grosjean,0,0
13.881893067927066,10,giovinazzi,0,0
15.727369615864793,20,kubica,0,0
