Results,Podium,Driver,Actual,Predicted
2.9033365892422514,3,hamilton,0,1
3.8352653846825295,2,bottas,0,0
6.40197068753605,1,leclerc,1,0
6.55735735941558,13,vettel,0,0
8.867395138368575,4,ricciardo,0,0
9.04259267630378,20,sainz,0,0
10.180431760413061,5,hulkenberg,0,0
11.675094302314795,11,gasly,0,0
11.707701905852554,19,kvyat,0,0
12.45746791817091,18,kevin_magnussen,0,0
12.678570418949482,10,norris,0,0
13.279317554595677,7,perez,0,0
13.418308097241386,16,grosjean,0,0
13.430069217936662,9,giovinazzi,0,0
15.53530966384775,17,kubica,0,0
15.99198428239382,14,russell,0,0
