Results,Podium,Driver,Actual,Predicted
3.68,7,hamilton,0,1
4.87,1,max_verstappen,1,0
6.66,20,bottas,0,0
6.81,17,vettel,0,0
7.92,14,albon,0,0
10.459249999999999,2,gasly,0,0
10.87,18,leclerc,0,0
10.97952380952381,8,norris,0,0
11.810216365156583,9,perez,0,0
11.90590909090909,6,ricciardo,0,0
13.22,11,kevin_magnussen,0,0
13.293333333333333,4,raikkonen,0,0
13.529444444444444,13,grosjean,0,0
13.724880952380953,15,hulkenberg,0,0
14.93065934065934,10,kvyat,0,0
15.17,12,russell,0,0
15.213333333333335,5,giovinazzi,0,0
15.57690934065934,19,stroll,0,0
15.642391304347825,16,kubica,0,0
