Results,Podium,Driver,Actual,Predicted
2.26,1,hamilton,1,1
5.83,2,max_verstappen,0,0
7.22,3,leclerc,0,0
8.042727272727273,6,albon,0,0
9.184742123358749,7,perez,0,0
9.72,8,norris,0,0
9.97,4,bottas,0,0
10.2,5,vettel,0,0
11.412655210643015,10,sainz,0,0
11.51785607249893,11,ricciardo,0,0
11.710328671328671,12,hulkenberg,0,0
12.261309523809523,18,gasly,0,0
12.575531135531136,13,raikkonen,0,0
14.239382012724118,15,grosjean,0,0
14.341138716356106,9,kvyat,0,0
15.11,20,stroll,0,0
15.365555555555556,19,kubica,0,0
15.530625,17,russell,0,0
15.64015135830353,14,kevin_magnussen,0,0
17.52208647873865,16,giovinazzi,0,0
