Results,Podium,Driver,Actual,Predicted
2.864999818037012,1,hamilton,1,1
3.573439826616335,3,bottas,0,0
5.030886569364047,2,vettel,0,0
5.878751903406019,4,max_verstappen,0,0
8.82237220502231,5,gasly,0,0
9.462470405662582,6,sainz,0,0
9.512896253490418,14,kevin_magnussen,0,0
10.391504961387842,9,ricciardo,0,0
10.653293005809848,20,leclerc,0,0
11.180031956215457,11,norris,0,0
11.346829192907144,7,kvyat,0,0
11.956144401503682,12,perez,0,0
12.075857510603715,8,albon,0,0
12.42127007382005,17,raikkonen,0,0
13.083031815692989,16,stroll,0,0
13.265014968767616,13,hulkenberg,0,0
13.64976841833094,10,grosjean,0,0
15.260136587783334,19,giovinazzi,0,0
16.061929002461117,15,russell,0,0
16.49385858844353,18,kubica,0,0
