Results,Podium,Driver,Actual,Predicted
2.914339915671647,1,hamilton,1,1
4.35097990478747,2,vettel,0,0
4.662018260390119,4,bottas,0,0
6.467927715037865,3,leclerc,0,0
7.297311742397563,5,max_verstappen,0,0
8.327568681084157,8,gasly,0,0
8.696999172188516,6,ricciardo,0,0
10.268120905936051,11,sainz,0,0
10.515199624906142,20,norris,0,0
10.9104384158696,7,hulkenberg,0,0
12.335549746927509,12,perez,0,0
12.4140703329387,10,kvyat,0,0
12.618791971426043,15,raikkonen,0,0
13.494238793301676,19,albon,0,0
13.6855007811392,9,stroll,0,0
15.268251475108963,13,giovinazzi,0,0
15.99685424589033,16,russell,0,0
16.244671158105984,18,kubica,0,0
