Results,Podium,Driver,Actual,Predicted
3.09,2,bottas,0,1
5.22,1,hamilton,1,0
5.942224904507257,5,leclerc,0,0
6.829144385026738,4,vettel,0,0
6.96,3,max_verstappen,0,0
7.785131578947369,7,kevin_magnussen,0,0
7.9337386519313835,6,gasly,0,0
10.307275380446113,8,sainz,0,0
10.336666666666666,20,norris,0,0
11.34693722943723,15,perez,0,0
11.43,14,raikkonen,0,0
12.818893141945773,19,stroll,0,0
12.998805194805195,11,albon,0,0
13.023290598290599,12,ricciardo,0,0
13.771045454545456,9,kvyat,0,0
15.110023249055507,16,giovinazzi,0,0
15.193491902834007,10,grosjean,0,0
15.548274509803921,17,russell,0,0
16.29,18,kubica,0,0
