Results,Podium,Driver,Actual,Predicted
3.43921916668957,2,bottas,0,1
3.5306210388333366,1,hamilton,1,0
4.987624557373353,4,max_verstappen,0,0
5.734666914456024,3,leclerc,0,0
6.722150992477378,5,vettel,0,0
8.268836323533202,7,raikkonen,0,0
8.529779079398788,6,norris,0,0
9.13963712313777,13,kevin_magnussen,0,0
10.669329377541462,8,gasly,0,0
11.576804981860267,9,albon,0,0
11.679246572211525,17,hulkenberg,0,0
12.65752500185032,12,kvyat,0,0
12.662966735134354,14,stroll,0,0
12.751374940277158,10,perez,0,0
14.304495593109682,11,giovinazzi,0,0
15.412103644649536,15,russell,0,0
15.649676736410315,18,ricciardo,0,0
15.932140426786745,16,kubica,0,0
16.358042539815738,20,grosjean,0,0
17.65670416897417,19,sainz,0,0
