Results,Podium,Driver,Actual,Predicted
1.39,4,hamilton,0,1
3.766666666666666,2,leclerc,0,0
5.382515566625155,1,vettel,1,0
5.728461538461538,3,max_verstappen,0,0
7.1,5,bottas,0,0
9.052342657342656,6,albon,0,0
10.300684523809522,8,gasly,0,0
10.36375,7,norris,0,0
10.438457695457696,12,sainz,0,0
11.644866396761136,18,raikkonen,0,0
11.820212774599286,9,hulkenberg,0,0
12.364288982713214,17,kevin_magnussen,0,0
12.515970048470049,19,perez,0,0
12.736326037576037,11,grosjean,0,0
13.19,10,giovinazzi,0,0
13.397697722567287,15,kvyat,0,0
13.632373213167332,13,stroll,0,0
15.760625,20,russell,0,0
15.885555555555557,16,kubica,0,0
