Results,Podium,Driver,Actual,Predicted
2.0,1,hamilton,1,1
5.650924657534246,18,vettel,0,0
6.087207207207208,3,leclerc,0,0
6.45,2,bottas,0,0
6.83,4,max_verstappen,0,0
8.472273005148004,6,sainz,0,0
9.873181818181818,8,norris,0,0
10.57636738519369,7,perez,0,0
11.801985347985346,19,ricciardo,0,0
12.004000000000001,14,gasly,0,0
12.01838221805905,10,hulkenberg,0,0
12.767984468339307,20,grosjean,0,0
13.016571505071504,11,stroll,0,0
13.02,15,giovinazzi,0,0
13.116195156695156,13,raikkonen,0,0
13.146214214214215,9,kevin_magnussen,0,0
15.912391304347825,16,kubica,0,0
16.08,17,russell,0,0
