Results,Podium,Driver,Actual,Predicted
3.4682471863716517,1,hamilton,1,1
3.725560746184724,2,bottas,0,0
4.976936910003645,5,max_verstappen,0,0
6.265989832970422,16,vettel,0,0
6.551126643209952,3,leclerc,0,0
8.05906776131131,4,gasly,0,0
9.861855136835507,11,norris,0,0
10.122977429502209,7,ricciardo,0,0
10.658214959154629,6,sainz,0,0
10.853262343298015,10,hulkenberg,0,0
11.705779660660433,8,raikkonen,0,0
11.732151746239554,12,albon,0,0
12.950478689511911,17,perez,0,0
13.243789040094386,20,kevin_magnussen,0,0
13.502335485652575,9,kvyat,0,0
13.678370917617777,13,stroll,0,0
13.970068690323307,19,grosjean,0,0
14.139066310936201,18,giovinazzi,0,0
16.327236984406515,14,russell,0,0
16.762601913447178,15,kubica,0,0
