Results,Podium,Driver,Actual,Predicted
4.27,2,hamilton,0,1
5.55,20,max_verstappen,0,0
5.89,4,vettel,0,0
7.15,3,bottas,0,0
9.145416666666668,16,raikkonen,0,0
10.144783666154634,6,perez,0,0
10.268444148936169,1,leclerc,1,0
10.573513513513513,11,norris,0,0
11.659411764705883,5,albon,0,0
11.69314007936508,9,gasly,0,0
11.716647465437786,14,ricciardo,0,0
11.857521505376344,13,grosjean,0,0
12.027051515151516,19,sainz,0,0
13.254000000000001,12,kevin_magnussen,0,0
13.834411764705884,7,kvyat,0,0
14.139144497438615,10,stroll,0,0
14.58,8,hulkenberg,0,0
16.37,15,russell,0,0
