Results,Podium,Driver,Actual,Predicted
4.49,6,max_verstappen,0,1
4.81,1,hamilton,1,0
6.02,3,bottas,0,0
6.4105405405405405,4,leclerc,0,0
6.463424657534246,2,vettel,0,0
8.745714285714286,5,albon,0,0
9.39761217948718,13,sainz,0,0
9.412365967365968,9,gasly,0,0
10.61,20,norris,0,0
11.881250863340702,7,perez,0,0
13.412020202020202,8,ricciardo,0,0
13.706925925925924,19,raikkonen,0,0
14.163750000000002,10,hulkenberg,0,0
14.165384615384614,14,giovinazzi,0,0
14.204696915987238,11,kvyat,0,0
14.227646753896755,15,kevin_magnussen,0,0
14.443642933642932,12,stroll,0,0
14.981799684299686,17,grosjean,0,0
16.2,16,russell,0,0
16.46,18,kubica,0,0
