Results,Podium,Driver,Actual,Predicted
3.29,1,bottas,1,1
5.91,4,leclerc,0,0
7.57,2,hamilton,0,0
8.07,3,max_verstappen,0,0
8.4,20,vettel,0,0
9.152727272727272,5,albon,0,0
9.893139776889777,16,gasly,0,0
9.97,7,norris,0,0
10.62688897251397,8,sainz,0,0
11.75381868131868,6,ricciardo,0,0
12.445531135531137,11,raikkonen,0,0
13.419372549019608,18,kevin_magnussen,0,0
13.486102564102564,9,hulkenberg,0,0
13.837409720714065,12,kvyat,0,0
14.01034090909091,13,stroll,0,0
14.059363764675693,14,giovinazzi,0,0
14.20733696767907,15,grosjean,0,0
15.692391304347826,19,kubica,0,0
15.94,17,russell,0,0
