Results,Podium,Driver,Actual,Predicted
1.43,1,bottas,1,1
2.21,2,hamilton,0,0
4.658333333333333,4,vettel,0,0
4.95,3,max_verstappen,0,0
6.727678547432411,5,leclerc,0,0
7.0107876121463075,6,kevin_magnussen,0,0
7.94,7,hulkenberg,0,0
9.673103448275862,9,stroll,0,0
10.703103448275863,10,kvyat,0,0
11.81,8,raikkonen,0,0
12.05010582010582,12,norris,0,0
12.31,11,gasly,0,0
12.96722619047619,13,perez,0,0
13.894830780494015,14,albon,0,0
15.24897780748663,15,giovinazzi,0,0
15.96076923076923,16,russell,0,0
16.437272727272727,17,kubica,0,0
17.33,18,grosjean,0,0
18.19,19,ricciardo,0,0
19.575454545454544,20,sainz,0,0
