Results,Podium,Driver,Actual,Predicted
2.505625,1,bottas,1,1
3.286666666666667,2,hamilton,0,0
3.441333333333333,3,vettel,0,0
7.6815999999999995,4,max_verstappen,0,0
8.96,6,perez,0,0
9.609257246376812,8,norris,0,0
11.111158184588787,7,sainz,0,0
11.437685843568197,20,ricciardo,0,0
11.643333333333333,13,kevin_magnussen,0,0
12.935092592592591,9,stroll,0,0
13.023627363377363,11,albon,0,0
13.900120370370368,19,kvyat,0,0
14.8,14,hulkenberg,0,0
14.829,18,grosjean,0,0
15.136651305683563,12,giovinazzi,0,0
15.37076923076923,15,russell,0,0
