Results,Podium,Driver,Actual,Predicted
2.7609086509957437,1,hamilton,1,1
3.848564182713884,2,max_verstappen,0,0
4.807703550456254,3,bottas,0,0
7.376174450303595,4,stroll,0,0
7.37905746949962,20,leclerc,0,0
7.801013721077587,8,albon,0,0
8.06229994967328,5,perez,0,0
8.969667925100316,10,norris,0,0
9.51130159761882,6,sainz,0,0
10.791107330376674,7,vettel,0,0
11.205142452003418,9,gasly,0,0
12.283796373345965,11,ricciardo,0,0
13.132528578532497,13,ocon,0,0
13.335014413738945,12,kvyat,0,0
14.121660823130592,16,giovinazzi,0,0
14.464259803493553,15,kevin_magnussen,0,0
15.123950611280057,14,raikkonen,0,0
16.014969398991397,19,grosjean,0,0
16.29802150683443,18,latifi,0,0
16.344794944603493,17,russell,0,0
