Results,Podium,Driver,Actual,Predicted
3.0894105590630767,2,hamilton,0,1
4.016953313037084,1,max_verstappen,1,0
4.061148293456518,3,bottas,0,0
7.016930410147193,4,leclerc,0,0
8.2318601779397,6,stroll,0,0
8.464550654397213,9,norris,0,0
8.547478648374586,5,albon,0,0
9.256413580721684,14,ricciardo,0,0
10.714366968007928,11,gasly,0,0
11.10280857726505,13,sainz,0,0
11.104290713509823,7,hulkenberg,0,0
11.206304253984252,12,vettel,0,0
12.662623389935847,8,ocon,0,0
13.95593998863275,10,kvyat,0,0
14.04286848559055,17,giovinazzi,0,0
14.55216165720812,20,kevin_magnussen,0,0
15.467688721254135,15,raikkonen,0,0
16.090744567771097,16,grosjean,0,0
16.20885660926294,18,russell,0,0
16.279646436863096,19,latifi,0,0
