Results,Podium,Driver,Actual,Predicted
3.0357556492920095,1,bottas,1,1
4.8658991368245434,3,norris,0,0
4.87676351840042,2,leclerc,0,0
6.875460502514178,4,hamilton,0,0
7.672535248411225,5,sainz,0,0
8.008440277494033,6,perez,0,0
9.051490201450235,7,gasly,0,0
9.66080186654287,8,ocon,0,0
10.566786317290989,10,vettel,0,0
11.36751618712698,9,giovinazzi,0,0
11.805190467856637,12,kvyat,0,0
11.901172440442389,11,latifi,0,0
12.082767342467566,13,albon,0,0
13.720260971490188,14,raikkonen,0,0
14.564201078601464,15,russell,0,0
15.114523174507205,16,grosjean,0,0
15.470640329696032,17,kevin_magnussen,0,0
15.541798318969816,18,stroll,0,0
17.25193808800227,19,ricciardo,0,0
18.31270335287642,20,max_verstappen,0,0
