Results,Podium,Driver,Actual,Predicted
2.5163361342127177,1,hamilton,1,1
3.4276168223710846,3,bottas,0,0
6.079280189129203,2,max_verstappen,0,0
7.21243895494182,13,norris,0,0
7.477119157633593,7,perez,0,0
8.209696531283083,4,stroll,0,0
8.414331589169144,11,leclerc,0,0
9.768847984466385,5,albon,0,0
9.77898276102538,9,sainz,0,0
10.222516667178754,6,vettel,0,0
10.969886300628213,8,ricciardo,0,0
12.883635428149844,14,ocon,0,0
13.632997123911553,17,giovinazzi,0,0
13.903499627650262,12,kvyat,0,0
15.325333987769454,15,raikkonen,0,0
15.549938132353537,19,latifi,0,0
15.975573434405728,18,russell,0,0
