Results,Podium,Driver,Actual,Predicted
2.657679922652711,3,hamilton,0,1
3.9040367830181686,1,bottas,1,0
4.26878495390913,2,max_verstappen,0,0
7.245746078966453,15,norris,0,0
7.939874194359187,5,ricciardo,0,0
8.279659196084008,4,perez,0,0
9.494779683199875,6,leclerc,0,0
9.710514715738016,19,sainz,0,0
9.857191841996512,10,albon,0,0
10.168722587480064,7,ocon,0,0
10.759579485827292,9,gasly,0,0
10.890922285099682,20,stroll,0,0
12.181404780097532,8,kvyat,0,0
12.939413663841684,13,vettel,0,0
14.50684147178084,14,raikkonen,0,0
14.83387988641974,11,giovinazzi,0,0
15.104446094441519,12,kevin_magnussen,0,0
15.967799153571947,17,grosjean,0,0
16.009542571460443,18,russell,0,0
16.437231025064197,16,latifi,0,0
