Results,Podium,Driver,Actual,Predicted
3.2167347886532323,2,rosberg,0,1
4.2119638015089125,1,hamilton,1,0
5.292928054302754,3,ricciardo,0,0
6.790080425263012,4,vettel,0,0
7.653431493476234,20,max_verstappen,0,0
8.180167254673073,19,raikkonen,0,0
9.44001473558875,22,hulkenberg,0,0
9.465098122567484,16,bottas,0,0
9.848914905752997,8,perez,0,0
10.339735813197363,7,massa,0,0
11.118106273643182,6,sainz,0,0
11.166895388431765,5,alonso,0,0
12.8597293213478,11,kvyat,0,0
13.328114894731197,12,kevin_magnussen,0,0
13.539791015091268,10,grosjean,0,0
13.573271538563166,9,button,0,0
14.844429886418817,13,jolyon_palmer,0,0
15.26414267045385,17,wehrlein,0,0
15.747872481309983,21,gutierrez,0,0
17.581356845449587,14,ericsson,0,0
17.968920361962663,18,ocon,0,0
18.58197862532099,15,nasr,0,0
