Results,Podium,Driver,Actual,Predicted
3.1282746448903604,2,hamilton,0,1
3.8517983973369576,1,rosberg,1,0
6.126444719072163,3,vettel,0,0
6.220678883220132,5,ricciardo,0,0
6.8147866989629,4,raikkonen,0,0
8.235832994528062,6,bottas,0,0
9.12950684598552,7,max_verstappen,0,0
9.63914211591732,8,perez,0,0
9.653344595106763,10,hulkenberg,0,0
10.793767953022904,9,massa,0,0
11.424307618472648,14,alonso,0,0
12.95692290429211,15,sainz,0,0
13.192528472692874,12,button,0,0
13.309193029036953,17,kevin_magnussen,0,0
13.311013736040712,19,kvyat,0,0
13.47903461170112,11,grosjean,0,0
14.541802856442862,20,wehrlein,0,0
15.423345452567933,13,gutierrez,0,0
16.43683501859135,21,jolyon_palmer,0,0
17.733864283891524,16,ericsson,0,0
18.46240026217258,22,nasr,0,0
