Results,Podium,Driver,Actual,Predicted
3.5629782819195204,1,rosberg,1,1
5.085168140590791,3,hamilton,0,0
5.212571197532225,2,ricciardo,0,0
7.668956719927438,6,max_verstappen,0,0
8.278817048738206,5,vettel,0,0
8.32721031138401,4,raikkonen,0,0
9.42779372677421,20,bottas,0,0
9.631938461964271,21,hulkenberg,0,0
10.479911913252758,7,alonso,0,0
10.695272871517865,14,sainz,0,0
10.700748108937674,12,massa,0,0
11.110747534815733,9,kvyat,0,0
11.189710900169043,8,perez,0,0
12.209467165716232,19,button,0,0
13.182735831241091,10,kevin_magnussen,0,0
13.262003799666179,22,grosjean,0,0
15.004536087414913,16,wehrlein,0,0
15.459592194440548,11,gutierrez,0,0
16.317208043518487,15,jolyon_palmer,0,0
17.51206802865162,17,ericsson,0,0
17.94964685768916,18,ocon,0,0
18.457562302198014,13,nasr,0,0
