Results,Podium,Driver,Actual,Predicted
3.039050836152299,1,rosberg,1,1
4.684928428412239,2,vettel,0,0
5.310559469346202,5,hamilton,0,0
6.027769027163563,4,raikkonen,0,0
7.144158934646816,7,ricciardo,0,0
8.868924224384937,10,massa,0,0
8.997323943330306,8,max_verstappen,0,0
9.195250509808284,6,bottas,0,0
9.487704897660354,3,perez,0,0
10.457237537822081,22,kvyat,0,0
11.123389097682992,13,grosjean,0,0
11.490710726430198,9,hulkenberg,0,0
12.63262049201136,19,alonso,0,0
13.079907369197775,21,sainz,0,0
13.669681529192207,11,button,0,0
15.156885973083929,16,gutierrez,0,0
16.113049669251982,15,jolyon_palmer,0,0
17.049346989290246,17,ericsson,0,0
17.083011448018272,12,nasr,0,0
18.638810757267017,20,wehrlein,0,0
18.721617390862637,18,haryanto,0,0
