Results,Podium,Driver,Actual,Predicted
3.357080576531686,1,rosberg,1,1
4.634421456760728,3,hamilton,0,0
5.429248991424681,6,ricciardo,0,0
7.283984303151291,2,max_verstappen,0,0
7.343295668348957,5,raikkonen,0,0
8.425198318429546,4,vettel,0,0
8.876872409620495,7,perez,0,0
9.630362821324677,8,hulkenberg,0,0
9.8617817166082,10,bottas,0,0
10.768738947820697,11,grosjean,0,0
10.87201167105598,9,massa,0,0
12.803664829386278,16,alonso,0,0
12.810936307378256,17,sainz,0,0
12.877891696209792,13,kvyat,0,0
13.28625623531252,14,kevin_magnussen,0,0
13.631014548845373,18,button,0,0
14.839763969757907,12,jolyon_palmer,0,0
15.269723575251875,22,wehrlein,0,0
15.773320112800057,20,gutierrez,0,0
17.718828558542885,15,ericsson,0,0
17.930644201136694,21,ocon,0,0
18.42629913741095,19,nasr,0,0
