Results,Podium,Driver,Actual,Predicted
2.6702113913198593,1,rosberg,1,1
4.611900065054895,4,ricciardo,0,0
5.916603758131499,2,vettel,0,0
6.716483479551632,5,raikkonen,0,0
8.500879478064526,6,massa,0,0
8.533502048083227,3,kvyat,0,0
9.478965951908629,8,max_verstappen,0,0
10.211218603918923,19,grosjean,0,0
10.267304484125392,10,bottas,0,0
11.890833844560229,9,sainz,0,0
14.090544970999215,17,kevin_magnussen,0,0
14.593037681641373,11,perez,0,0
15.468373327407587,22,jolyon_palmer,0,0
15.690042599678408,12,alonso,0,0
16.03280522349708,16,ericsson,0,0
16.120508794520735,13,button,0,0
17.32700803776584,20,nasr,0,0
17.53720506795672,14,gutierrez,0,0
19.318973250949554,21,haryanto,0,0
