Results,Podium,Driver,Actual,Predicted
3.1388173419389873,1,hamilton,1,1
4.287117887963243,19,vettel,0,0
6.260857271914448,3,ricciardo,0,0
6.863677296824814,4,bottas,0,0
7.0637744726594125,2,max_verstappen,0,0
9.032078498562512,6,ocon,0,0
9.07801203843596,7,perez,0,0
9.427629154747216,5,raikkonen,0,0
10.650566700319978,10,massa,0,0
11.162283032887366,17,hulkenberg,0,0
11.293460370780684,14,vandoorne,0,0
12.344628783727696,20,sainz,0,0
12.537947379484056,16,stroll,0,0
12.59243885960126,8,kevin_magnussen,0,0
13.057297791162252,9,grosjean,0,0
13.711572744972266,11,alonso,0,0
13.822832383864252,12,jolyon_palmer,0,0
15.072458195830142,15,wehrlein,0,0
16.108445262749818,18,ericsson,0,0
16.38204134090687,13,gasly,0,0
