Results,Podium,Driver,Actual,Predicted
3.604524966941939,5,hamilton,0,1
4.18211677444392,4,vettel,0,0
5.836632126404863,2,bottas,0,0
6.687450696483055,14,raikkonen,0,0
7.48557571397983,18,max_verstappen,0,0
7.687104588715146,1,ricciardo,1,0
8.173400633120156,15,perez,0,0
9.531184417254153,6,ocon,0,0
10.983826687543067,16,massa,0,0
11.154734709291438,3,stroll,0,0
11.940246734040347,8,sainz,0,0
12.278490895423012,7,kevin_magnussen,0,0
12.63865946818368,17,hulkenberg,0,0
13.298080160668546,19,kvyat,0,0
13.708646263301059,13,grosjean,0,0
14.056723652817496,10,wehrlein,0,0
15.08301683677789,9,alonso,0,0
15.701875826925718,11,ericsson,0,0
16.541625449675166,12,vandoorne,0,0
