Results,Podium,Driver,Actual,Predicted
3.1542985017510112,2,hamilton,0,1
6.214608739624819,3,ricciardo,0,0
6.969250956694605,1,max_verstappen,1,0
6.985653055799721,5,bottas,0,0
9.216019009890388,10,ocon,0,0
9.252732233618516,6,perez,0,0
10.808993999648264,16,hulkenberg,0,0
11.158328216887512,7,vandoorne,0,0
11.314278173150344,9,massa,0,0
11.896250781383205,19,sainz,0,0
12.150498451940472,8,stroll,0,0
12.34307365400084,11,alonso,0,0
12.828483421880714,15,jolyon_palmer,0,0
13.662215952445894,13,grosjean,0,0
13.747269177004432,12,kevin_magnussen,0,0
15.113131618697315,17,wehrlein,0,0
16.406360489843042,14,gasly,0,0
16.433584790833976,18,ericsson,0,0
