Results,Podium,Driver,Actual,Predicted
2.9642623484974364,1,hamilton,1,1
4.94883854990779,3,vettel,0,0
5.78904761775528,5,raikkonen,0,0
5.933548526249849,4,bottas,0,0
6.857367305296043,2,max_verstappen,0,0
8.006284788838299,6,ricciardo,0,0
9.270207058534547,10,hulkenberg,0,0
10.512848271955802,7,alonso,0,0
10.594189207269375,16,perez,0,0
10.677534962483765,20,ocon,0,0
11.048070018279583,15,grosjean,0,0
11.602122718687353,8,sainz,0,0
11.614261364202072,18,kevin_magnussen,0,0
12.983877935738647,9,leclerc,0,0
13.142697332978344,13,gasly,0,0
13.157887172300393,12,vandoorne,0,0
13.221065450357933,11,ericsson,0,0
13.95916253211542,14,stroll,0,0
14.50369122797538,17,brendon_hartley,0,0
15.873284036991908,19,sirotkin,0,0
