Results,Podium,Driver,Actual,Predicted
3.2775370722618633,3,hamilton,0,1
3.7049212342277964,2,vettel,0,0
4.7611183036802105,1,ricciardo,1,0
6.574822455451991,4,raikkonen,0,0
7.039373099233697,5,bottas,0,0
9.179614147351247,20,alonso,0,0
10.234182946113712,10,sainz,0,0
10.493622632110858,8,hulkenberg,0,0
10.888174310342942,12,perez,0,0
10.93545260649422,6,ocon,0,0
11.021960746666585,7,gasly,0,0
11.883998350549193,14,vandoorne,0,0
12.573863848038966,13,kevin_magnussen,0,0
13.245610344193375,18,leclerc,0,0
13.662217144153896,17,stroll,0,0
13.911897841251498,11,ericsson,0,0
14.11572033518122,19,brendon_hartley,0,0
15.065601542180094,15,grosjean,0,0
15.79081257673224,16,sirotkin,0,0
