Results,Podium,Driver,Actual,Predicted
3.3195008432626447,1,hamilton,1,1
4.692407263099209,3,bottas,0,0
5.13666635922101,4,leclerc,0,0
5.969132619462597,2,vettel,0,0
6.3160518689295815,6,max_verstappen,0,0
8.343261612840234,5,albon,0,0
9.023171732553145,13,sainz,0,0
9.898686718790179,9,gasly,0,0
10.04601881727034,20,norris,0,0
10.829501644330607,7,perez,0,0
11.230558552502712,11,kvyat,0,0
11.49250601626999,10,hulkenberg,0,0
11.633889925051141,8,ricciardo,0,0
13.216040639754569,19,raikkonen,0,0
13.635770681303404,12,stroll,0,0
13.702615672492794,17,grosjean,0,0
13.706210312581828,15,kevin_magnussen,0,0
14.24755275287359,14,giovinazzi,0,0
16.216354963422532,18,kubica,0,0
16.41889521422216,16,russell,0,0
