Results,Podium,Driver,Actual,Predicted
3.3607213157035893,7,hamilton,0,1
4.623177118790492,20,bottas,0,0
4.796336271302809,1,max_verstappen,1,0
6.385668070988319,17,vettel,0,0
8.48959454718055,14,albon,0,0
9.106047356060659,2,gasly,0,0
9.29494032486375,18,leclerc,0,0
10.247003919440163,8,norris,0,0
10.808721604819668,6,ricciardo,0,0
11.311506945842103,4,raikkonen,0,0
11.617874032965084,13,grosjean,0,0
11.853390481379387,11,kevin_magnussen,0,0
12.18755977884312,15,hulkenberg,0,0
12.554440072504185,9,perez,0,0
13.663393878265488,5,giovinazzi,0,0
13.914305113403218,10,kvyat,0,0
13.985988963320882,19,stroll,0,0
15.92436295734476,16,kubica,0,0
16.062089010118676,12,russell,0,0
