Results,Podium,Driver,Actual,Predicted
2.9375055481005075,1,hamilton,1,1
5.05861220689218,2,max_verstappen,0,0
6.3031028856102775,4,bottas,0,0
6.705161003422032,3,leclerc,0,0
6.906412694178041,5,vettel,0,0
8.309620194675267,6,albon,0,0
8.961803062116338,10,sainz,0,0
9.465112077262068,8,norris,0,0
9.59408083358857,11,ricciardo,0,0
10.47060026393352,18,gasly,0,0
11.041295442550329,7,perez,0,0
11.085841223498937,12,hulkenberg,0,0
13.08805807843793,9,kvyat,0,0
13.160045383049138,13,raikkonen,0,0
13.409453295805658,20,stroll,0,0
13.671205559242164,14,kevin_magnussen,0,0
13.673964218321723,15,grosjean,0,0
14.589846841021377,16,giovinazzi,0,0
16.10525851967635,19,kubica,0,0
16.349523661460662,17,russell,0,0
