Results,Podium,Driver,Actual,Predicted
2.750944458450006,1,hamilton,1,1
3.391047230236397,2,bottas,0,0
5.196717518199467,4,max_verstappen,0,0
5.8055575743861105,3,vettel,0,0
6.584469273812462,5,leclerc,0,0
8.644604620918535,6,gasly,0,0
9.881151979389331,9,raikkonen,0,0
10.214339775620452,20,hulkenberg,0,0
10.36734823621482,7,ricciardo,0,0
11.294411896542943,18,norris,0,0
12.016937596550445,8,perez,0,0
13.204917534641174,12,stroll,0,0
13.338835242262203,19,kvyat,0,0
15.382038405377344,14,sainz,0,0
16.025013106058196,16,russell,0,0
16.589731073362017,17,kubica,0,0
