Results,Podium,Driver,Actual,Predicted
3.161746716322364,3,hamilton,0,1
3.7298010828150403,2,bottas,0,0
4.346972367761871,1,max_verstappen,1,0
7.918375733400892,5,norris,0,0
8.025010501537393,4,albon,0,0
8.345352441552812,6,sainz,0,0
9.322080100493453,7,ricciardo,0,0
11.159648064623653,11,kvyat,0,0
11.29442553147809,9,ocon,0,0
11.345222098628799,13,leclerc,0,0
11.553565253416307,10,stroll,0,0
12.174736125279358,8,gasly,0,0
12.74626853072741,14,vettel,0,0
14.435734369088218,12,raikkonen,0,0
14.453664190685434,16,giovinazzi,0,0
15.315235985067654,15,russell,0,0
15.653809448873657,18,kevin_magnussen,0,0
16.440298813307113,17,latifi,0,0
16.86730697220397,19,pietro_fittipaldi,0,0
