Results,Podium,Driver,Actual,Predicted
2.975413419694369,1,hamilton,1,1
3.6719870960198917,11,bottas,0,0
4.280015105553488,2,max_verstappen,0,0
6.72792401908578,3,leclerc,0,0
6.941102865252837,5,norris,0,0
8.758113003582897,9,stroll,0,0
9.554065421419278,4,ricciardo,0,0
9.564447439713119,8,albon,0,0
10.026269657804052,13,sainz,0,0
10.630366697577157,6,ocon,0,0
10.697989109894676,10,vettel,0,0
11.386945257589224,7,gasly,0,0
13.268587327375592,14,giovinazzi,0,0
13.920408899697705,18,kvyat,0,0
14.107953802021493,19,kevin_magnussen,0,0
15.168756246536855,17,raikkonen,0,0
15.547291655080612,15,latifi,0,0
15.993441213319814,20,hulkenberg,0,0
16.0659130270623,16,grosjean,0,0
16.614406971176205,12,russell,0,0
