Results,Podium,Driver,Actual,Predicted
2.7042254205977407,1,hamilton,1,1
3.7078736241679167,2,bottas,0,0
4.351871386205257,19,max_verstappen,0,0
6.58181907208511,3,albon,0,0
7.899569501968151,13,stroll,0,0
8.216353119833691,6,norris,0,0
8.94891410126069,4,ricciardo,0,0
8.982828220220687,8,leclerc,0,0
9.501355452382773,5,perez,0,0
10.248949640164101,18,sainz,0,0
12.656911303247625,7,kvyat,0,0
12.99350360046374,10,vettel,0,0
13.109145832684279,20,gasly,0,0
14.003600407100766,9,raikkonen,0,0
14.635122717901313,17,giovinazzi,0,0
15.035455775513372,16,kevin_magnussen,0,0
15.932099423536327,12,grosjean,0,0
16.226501392760746,15,latifi,0,0
16.29390538141094,11,russell,0,0
