Results,Podium,Driver,Actual,Predicted
2.7518981850636153,1,hamilton,1,1
3.999762330140173,3,max_verstappen,0,0
4.55155076647174,2,bottas,0,0
6.994827621329028,6,albon,0,0
8.50083817426734,4,ricciardo,0,0
9.100976052869859,9,stroll,0,0
9.197623272591796,7,norris,0,0
9.695365512866266,14,leclerc,0,0
9.783153840272275,10,perez,0,0
9.995652418789337,20,sainz,0,0
10.513043089947324,5,ocon,0,0
11.997969936844578,8,gasly,0,0
12.135045530295399,13,vettel,0,0
13.32813824819489,11,kvyat,0,0
14.394626106855934,18,giovinazzi,0,0
14.694949105568195,17,kevin_magnussen,0,0
15.102782286873307,12,raikkonen,0,0
15.980345011782417,15,grosjean,0,0
16.06822870818279,19,russell,0,0
16.28190678365027,16,latifi,0,0
