Results,Podium,Driver,Actual,Predicted
2.369452008006929,1,rosberg,1,1
3.2301700252908434,2,hamilton,0,0
4.609229091637274,3,vettel,0,0
6.013378575002354,4,ricciardo,0,0
7.598612098159172,5,massa,0,0
8.511879089791192,7,hulkenberg,0,0
9.201416246471867,8,bottas,0,0
9.875247877432056,9,sainz,0,0
10.11173365195918,6,grosjean,0,0
10.331216806451161,10,max_verstappen,0,0
11.662387689730952,11,jolyon_palmer,0,0
12.091265009976537,12,kevin_magnussen,0,0
12.2455662410436,13,perez,0,0
13.709598117846069,14,button,0,0
14.899446484910552,15,nasr,0,0
16.029784601162447,18,raikkonen,0,0
16.16148275197971,16,wehrlein,0,0
16.165650443019704,17,ericsson,0,0
17.825743009205066,19,haryanto,0,0
18.071088119130362,20,gutierrez,0,0
18.628769843552156,21,alonso,0,0
19.98182451650823,22,kvyat,0,0
