Results,Podium,Driver,Actual,Predicted
3.190849728601599,2,rosberg,0,1
4.232472265381199,1,hamilton,1,0
6.535243210347703,3,ricciardo,0,0
7.173084694889227,5,vettel,0,0
7.407992595464125,4,max_verstappen,0,0
8.396498478112717,6,raikkonen,0,0
8.725703992942906,7,hulkenberg,0,0
9.455619328549918,8,bottas,0,0
10.323561162854952,10,perez,0,0
10.508707546174962,9,massa,0,0
10.936913875239604,13,alonso,0,0
11.17207304081415,16,sainz,0,0
13.075036007729363,12,button,0,0
13.19471823612074,17,kevin_magnussen,0,0
13.440011696182735,18,kvyat,0,0
15.223980468562184,22,wehrlein,0,0
15.816057192798763,19,gutierrez,0,0
17.428606351984126,11,ericsson,0,0
17.942250021797246,21,ocon,0,0
18.459618664611035,15,nasr,0,0
