Results,Podium,Driver,Actual,Predicted
3.6562582407046786,2,rosberg,0,1
4.431568266465377,1,hamilton,1,0
5.684719690662568,5,ricciardo,0,0
7.2604918733619845,3,vettel,0,0
7.429349382524476,6,raikkonen,0,0
8.68527579900197,4,max_verstappen,0,0
9.423317656782954,8,perez,0,0
9.60624067236924,7,hulkenberg,0,0
10.69368460183217,21,bottas,0,0
11.230957147556419,10,alonso,0,0
11.245548634062635,9,massa,0,0
13.068887872238259,18,sainz,0,0
13.085154613921192,20,button,0,0
13.2375126486828,11,grosjean,0,0
13.37609478121947,22,kevin_magnussen,0,0
13.391973620657511,19,kvyat,0,0
14.785110965428043,17,jolyon_palmer,0,0
14.880642182464085,16,nasr,0,0
15.26948583114264,14,wehrlein,0,0
15.804936570769168,12,gutierrez,0,0
17.348535867886795,15,ericsson,0,0
18.45869752246621,13,ocon,0,0
