Results,Podium,Driver,Actual,Predicted
3.1637460307693113,5,rosberg,0,1
4.4329539890857355,1,hamilton,1,0
4.986106865429624,2,vettel,0,0
6.274715702203152,7,ricciardo,0,0
8.143896873182213,4,max_verstappen,0,0
8.172002683228005,6,raikkonen,0,0
9.046084216085738,3,bottas,0,0
9.519206084600029,20,massa,0,0
10.297363543186302,10,perez,0,0
10.949576835244565,8,hulkenberg,0,0
11.033675550486878,11,alonso,0,0
12.496033403605978,12,kvyat,0,0
12.552646834110842,14,grosjean,0,0
13.038514432087114,22,button,0,0
13.228935654631822,9,sainz,0,0
15.194529330093252,13,gutierrez,0,0
15.893313518487236,21,jolyon_palmer,0,0
17.073315171645877,15,ericsson,0,0
17.770856070130993,17,wehrlein,0,0
18.19799972640007,18,nasr,0,0
18.89987684246782,19,haryanto,0,0
