Results,Podium,Driver,Actual,Predicted
4.1441499360952045,1,hamilton,1,1
4.469932231842255,4,rosberg,0,0
6.559455414151354,3,raikkonen,0,0
6.718166564194132,21,vettel,0,0
8.059283899435657,5,ricciardo,0,0
8.955619069051158,2,max_verstappen,0,0
9.055270737320868,9,bottas,0,0
9.59420967748165,19,hulkenberg,0,0
11.402109032108076,6,button,0,0
12.491380972667898,7,grosjean,0,0
12.958052873792015,14,kevin_magnussen,0,0
13.166591266018322,18,alonso,0,0
14.427703947783769,10,wehrlein,0,0
15.221753282224208,11,gutierrez,0,0
16.21133535681763,12,jolyon_palmer,0,0
17.589577938419236,15,ericsson,0,0
18.040430804086117,16,haryanto,0,0
18.623893865484824,13,nasr,0,0
