Results,Podium,Driver,Actual,Predicted
4.081736342554012,1,rosberg,1,1
6.0282251454901825,2,ricciardo,0,0
6.685223712715502,6,vettel,0,0
7.466065833004155,9,raikkonen,0,0
7.52303802821053,3,hamilton,0,0
7.749121493580171,11,max_verstappen,0,0
9.174766881268846,8,bottas,0,0
9.379812480400606,5,perez,0,0
9.72676075847744,4,hulkenberg,0,0
10.507028538776774,10,massa,0,0
11.473288758191064,21,button,0,0
11.593946408826046,13,grosjean,0,0
12.655881220833999,20,sainz,0,0
12.811416187552572,18,kevin_magnussen,0,0
13.128812024202597,14,kvyat,0,0
14.963672479255862,22,wehrlein,0,0
15.704327682487879,12,gutierrez,0,0
16.133304638926806,15,jolyon_palmer,0,0
17.70737331223451,19,ericsson,0,0
17.884027153843267,16,ocon,0,0
18.388071393107108,17,nasr,0,0
