Results,Podium,Driver,Actual,Predicted
2.906572373098669,1,hamilton,1,1
3.8773894362125416,2,vettel,0,0
6.249159301422573,18,ricciardo,0,0
6.298708317285732,5,bottas,0,0
8.429593701777103,3,raikkonen,0,0
9.241699308789125,8,perez,0,0
9.435947772794862,6,ocon,0,0
9.670876488810416,7,sainz,0,0
10.331485194429366,4,max_verstappen,0,0
10.776728612590903,9,massa,0,0
12.07209809001293,14,grosjean,0,0
12.127075725323412,17,alonso,0,0
12.50386633715913,11,stroll,0,0
13.36348350203988,12,vandoorne,0,0
13.391523993727736,10,kvyat,0,0
13.655264803104146,16,kevin_magnussen,0,0
14.697920472840444,19,wehrlein,0,0
15.979935350712033,15,ericsson,0,0
16.604574351246324,13,brendon_hartley,0,0
