Results,Podium,Driver,Actual,Predicted
2.7475423886855674,2,vettel,0,1
3.2396721390720185,1,hamilton,1,0
5.93152433545062,6,bottas,0,0
6.145073374844421,3,max_verstappen,0,0
6.6257769419795345,5,raikkonen,0,0
7.76748555673729,4,ricciardo,0,0
8.58699446116761,7,sainz,0,0
9.365755020652966,14,massa,0,0
9.701929843575396,9,perez,0,0
10.773458507173963,8,kevin_magnussen,0,0
11.760390180273628,17,kvyat,0,0
12.266622450090972,12,hulkenberg,0,0
12.589221410873742,10,ocon,0,0
14.03500393084986,11,grosjean,0,0
15.695212006049996,18,vandoorne,0,0
15.711224910554485,15,ericsson,0,0
15.82068269772464,13,jolyon_palmer,0,0
16.801366284263917,16,alonso,0,0
17.133907248359765,20,stroll,0,0
