Results,Podium,Driver,Actual,Predicted
3.0824078482261195,2,vettel,0,1
3.3568043651523327,1,hamilton,1,0
5.982865706442536,20,raikkonen,0,0
6.3417149406707685,17,bottas,0,0
7.519911364298483,19,max_verstappen,0,0
7.600746997727259,3,ricciardo,0,0
8.985349669547963,4,perez,0,0
9.89152622079459,5,ocon,0,0
10.037144631458352,13,massa,0,0
10.767808132740708,7,sainz,0,0
12.3425981396541,6,hulkenberg,0,0
12.646514644546462,10,grosjean,0,0
12.738845688204377,14,kevin_magnussen,0,0
12.89351242043203,9,kvyat,0,0
13.353111702218548,8,wehrlein,0,0
15.059113185831166,16,stroll,0,0
15.243547810292625,11,ericsson,0,0
15.95007545806939,12,alonso,0,0
16.067626723961077,15,jolyon_palmer,0,0
17.192145030850977,18,vandoorne,0,0
