Results,Podium,Driver,Actual,Predicted
3.7481331441618395,1,hamilton,1,1
4.427715649319816,7,vettel,0,0
6.604199554941261,3,raikkonen,0,0
6.951973242304753,4,max_verstappen,0,0
7.149061037246494,2,bottas,0,0
8.240025684259196,5,ricciardo,0,0
8.266592987857164,9,perez,0,0
9.495595256237614,8,ocon,0,0
10.642704669314076,6,hulkenberg,0,0
11.40687998085439,13,grosjean,0,0
11.598683388440431,19,sainz,0,0
12.312962230187045,10,massa,0,0
12.52891501902882,16,stroll,0,0
13.351304748819508,15,kvyat,0,0
13.689794540446938,12,kevin_magnussen,0,0
14.501875858153905,17,wehrlein,0,0
15.039506382714597,20,jolyon_palmer,0,0
15.190291536954657,18,alonso,0,0
15.86324456368356,14,ericsson,0,0
16.284152495706024,11,vandoorne,0,0
