Results,Podium,Driver,Actual,Predicted
4.181893518246966,18,vettel,0,1
4.768517729190566,1,hamilton,1,0
6.376618120942073,2,ricciardo,0,0
7.049121554678257,19,max_verstappen,0,0
7.18836308606859,20,raikkonen,0,0
7.404212664154612,3,bottas,0,0
10.077272130532595,4,sainz,0,0
10.20295935265694,5,perez,0,0
10.84836452386495,10,ocon,0,0
10.848866562086855,14,hulkenberg,0,0
11.248477405259726,7,vandoorne,0,0
12.060446102670017,17,alonso,0,0
12.601656557567832,6,jolyon_palmer,0,0
12.649239620679426,11,massa,0,0
12.868627512269077,8,stroll,0,0
13.491475329896348,9,grosjean,0,0
13.708519746509285,16,kvyat,0,0
13.801037483117113,13,kevin_magnussen,0,0
15.10350112311298,12,wehrlein,0,0
16.506728392480333,15,ericsson,0,0
