Results,Podium,Driver,Actual,Predicted
3.171622668418237,4,vettel,0,1
3.9429982143179148,1,hamilton,1,0
5.9395038480015065,7,raikkonen,0,0
6.202011096392616,2,bottas,0,0
7.606223516256936,18,max_verstappen,0,0
7.692734194717485,3,ricciardo,0,0
9.079774794641141,5,perez,0,0
9.86870180978645,6,ocon,0,0
10.830358404319746,20,sainz,0,0
11.04356909109817,8,hulkenberg,0,0
11.056903199351217,19,massa,0,0
12.63037127811554,17,kvyat,0,0
13.013439751396048,10,grosjean,0,0
13.537824862393764,12,kevin_magnussen,0,0
13.88423655280585,9,stroll,0,0
15.078244925750603,11,jolyon_palmer,0,0
15.764319433891114,13,ericsson,0,0
16.13989626147009,16,alonso,0,0
16.490369789719033,14,vandoorne,0,0
