Results,Podium,Driver,Actual,Predicted
3.2220746109430123,2,hamilton,0,1
4.376253581534155,3,vettel,0,0
6.478224579615375,1,bottas,1,0
6.953083776054154,20,ricciardo,0,0
6.962163731550881,4,raikkonen,0,0
8.076508931701849,5,max_verstappen,0,0
9.139488621493502,7,perez,0,0
9.707280020553883,8,ocon,0,0
10.716425184927303,6,hulkenberg,0,0
10.996997917532418,10,massa,0,0
11.290333218326468,19,sainz,0,0
12.634615863124218,18,stroll,0,0
13.09077858443963,12,vandoorne,0,0
13.230160221815677,9,alonso,0,0
13.632626702273658,13,kevin_magnussen,0,0
13.70958848202604,11,grosjean,0,0
14.934627334303208,14,wehrlein,0,0
16.03450444898575,16,gasly,0,0
16.308696256306124,17,ericsson,0,0
16.666558074985943,15,brendon_hartley,0,0
