Results,Podium,Driver,Actual,Predicted
3.353998840665106,1,hamilton,1,1
3.9122006919839993,5,vettel,0,0
5.316233487874027,4,ricciardo,0,0
5.7335098586447995,7,bottas,0,0
7.2618999948127065,2,max_verstappen,0,0
7.584936266892855,3,raikkonen,0,0
9.479061526976439,8,sainz,0,0
10.373454839659793,9,hulkenberg,0,0
10.624136106807562,6,kevin_magnussen,0,0
11.45929450247471,16,alonso,0,0
11.609744306323956,10,leclerc,0,0
11.754102006940812,19,ocon,0,0
12.304938529184772,12,vandoorne,0,0
12.761247355245407,18,perez,0,0
12.964032656630364,20,gasly,0,0
14.319065345856353,13,ericsson,0,0
14.689899428971957,14,brendon_hartley,0,0
14.690606789325562,17,stroll,0,0
16.38998782451162,15,sirotkin,0,0
