Results,Podium,Driver,Actual,Predicted
3.476129283215397,1,vettel,1,1
3.7045003930614757,2,hamilton,0,0
4.974572734689633,3,raikkonen,0,0
6.675104823929644,4,bottas,0,0
7.043921846172789,5,ricciardo,0,0
7.768807158783915,15,max_verstappen,0,0
9.612737254442038,9,kevin_magnussen,0,0
9.839780802298709,6,hulkenberg,0,0
11.10404103616908,7,ocon,0,0
11.459335860128604,16,grosjean,0,0
11.60027764763475,19,leclerc,0,0
11.644620926737364,8,alonso,0,0
11.727747668873146,10,perez,0,0
12.102724213966942,17,sainz,0,0
13.04509548647848,13,gasly,0,0
13.112306451035293,11,vandoorne,0,0
14.092487895540346,18,ericsson,0,0
