Results,Podium,Driver,Actual,Predicted
3.0382044019119814,2,hamilton,0,1
3.882622156382935,1,vettel,1,0
5.956570856683262,17,raikkonen,0,0
8.55770123518699,4,bottas,0,0
8.858562901750934,3,max_verstappen,0,0
9.057406074548057,16,ricciardo,0,0
9.58786531185724,8,kevin_magnussen,0,0
9.642694418948246,5,perez,0,0
9.665366228071626,6,ocon,0,0
10.429136440960303,20,hulkenberg,0,0
10.849567952715674,7,grosjean,0,0
11.171563139852731,9,gasly,0,0
12.047668082503963,11,sainz,0,0
12.320531897786928,19,alonso,0,0
12.618874928056657,18,leclerc,0,0
13.093658986834557,10,ericsson,0,0
13.72028600149441,14,brendon_hartley,0,0
16.157966861266445,12,sirotkin,0,0
