Results,Podium,Driver,Actual,Predicted
2.8802927859866774,1,hamilton,1,1
3.1440773567446136,4,vettel,0,0
5.581017331727525,2,raikkonen,0,0
5.94219317677948,14,bottas,0,0
7.005967814466135,17,ricciardo,0,0
9.122987302261022,16,max_verstappen,0,0
9.638430957021336,7,alonso,0,0
9.852396978502316,18,hulkenberg,0,0
9.982763263291115,3,perez,0,0
10.896989195488603,5,sainz,0,0
11.994797062097115,9,vandoorne,0,0
12.627646299690081,6,leclerc,0,0
12.746801590094327,12,gasly,0,0
12.830160696218925,13,kevin_magnussen,0,0
13.19682582944492,8,stroll,0,0
14.00201968199817,19,ocon,0,0
14.02339168705892,11,ericsson,0,0
14.77996182687258,10,brendon_hartley,0,0
16.166560604815498,20,sirotkin,0,0
