Results,Podium,Driver,Actual,Predicted
3.5670470267041043,4,hamilton,0,1
4.857401021087629,2,vettel,0,0
6.42152482018491,3,raikkonen,0,0
6.617862625891767,17,ricciardo,0,0
6.854762617637282,1,max_verstappen,1,0
6.9174988632054975,5,bottas,0,0
8.864549016097127,6,hulkenberg,0,0
10.406018684071848,19,sainz,0,0
11.222683345025358,20,alonso,0,0
11.482500577390974,11,ocon,0,0
11.680248219558594,18,perez,0,0
11.687785106869772,15,kevin_magnussen,0,0
11.796136824541042,7,leclerc,0,0
12.252290919676213,9,ericsson,0,0
12.737105784929545,16,grosjean,0,0
13.286747448650779,8,vandoorne,0,0
14.221488364106365,12,stroll,0,0
14.299366769035332,14,brendon_hartley,0,0
15.679498681181942,13,sirotkin,0,0
