Results,Podium,Driver,Actual,Predicted
2.7953881236580496,3,hamilton,0,1
4.497917192982412,1,raikkonen,1,0
4.998722119477249,4,vettel,0,0
5.830044839735649,5,bottas,0,0
7.629212622010027,16,ricciardo,0,0
8.980771395271782,6,hulkenberg,0,0
10.010763432171625,2,max_verstappen,0,0
10.049971348884279,8,perez,0,0
10.481886912561514,17,grosjean,0,0
10.68108270348437,19,ocon,0,0
10.838596516970261,20,kevin_magnussen,0,0
11.47114584400561,7,sainz,0,0
11.794927005019025,15,leclerc,0,0
12.252566253730247,18,alonso,0,0
13.194146306766488,11,vandoorne,0,0
13.389637193766372,10,ericsson,0,0
13.956547574901933,14,stroll,0,0
15.332366345446411,13,sirotkin,0,0
