Results,Podium,Driver,Actual,Predicted
2.958037358832143,1,hamilton,1,1
4.702152458249023,2,vettel,0,0
4.706029365599141,3,raikkonen,0,0
5.758873012405452,5,bottas,0,0
8.569790317272147,19,max_verstappen,0,0
9.535811858868708,7,kevin_magnussen,0,0
9.62904447607733,4,ricciardo,0,0
9.81302403598951,9,sainz,0,0
10.00542411477601,12,hulkenberg,0,0
10.599134864978836,6,gasly,0,0
10.704277969725638,8,alonso,0,0
11.46265897461293,10,grosjean,0,0
13.242690998446312,14,perez,0,0
13.245806753856078,13,ocon,0,0
13.419543503984135,18,vandoorne,0,0
13.569816178079503,20,leclerc,0,0
13.717169971397448,11,brendon_hartley,0,0
13.765174328023484,15,ericsson,0,0
14.820432088734304,17,stroll,0,0
