Results,Podium,Driver,Actual,Predicted
3.731813811532472,1,bottas,1,1
4.721843710127545,2,hamilton,0,0
5.130949641883675,4,leclerc,0,0
6.292797036579719,3,max_verstappen,0,0
6.86871536797072,20,vettel,0,0
7.941627073823139,5,albon,0,0
9.048833733721901,8,sainz,0,0
9.719442026804126,6,ricciardo,0,0
10.006512389646211,7,norris,0,0
10.258593269147873,16,gasly,0,0
11.49033525359277,9,hulkenberg,0,0
12.793744235161723,12,kvyat,0,0
12.930418210336596,18,kevin_magnussen,0,0
13.34221310446913,11,raikkonen,0,0
13.402477322262834,13,stroll,0,0
13.522144255425546,15,grosjean,0,0
14.396910716862122,14,giovinazzi,0,0
16.10525851967635,19,kubica,0,0
16.349523661460662,17,russell,0,0
