Results,Podium,Driver,Actual,Predicted
2.8765032572307003,9,hamilton,0,1
3.9294977989839865,15,bottas,0,0
4.524000246329344,1,max_verstappen,1,0
7.447985389349484,14,gasly,0,0
9.124078134288306,5,sainz,0,0
10.24812260602509,12,raikkonen,0,0
11.569156813299806,3,kvyat,0,0
11.628871795129328,7,grosjean,0,0
11.711795888281689,16,hulkenberg,0,0
11.729876212076077,20,perez,0,0
12.048475990395804,8,kevin_magnussen,0,0
12.381245058762318,19,ricciardo,0,0
12.426213799264987,18,norris,0,0
12.897318571502556,6,albon,0,0
12.948550456719369,4,stroll,0,0
14.039260481299282,13,giovinazzi,0,0
15.966630563741942,11,russell,0,0
15.984490712670203,10,kubica,0,0
