Results,Podium,Driver,Actual,Predicted
3.078990822346508,4,hamilton,0,1
4.545913677795494,2,leclerc,0,0
4.612939777365475,5,bottas,0,0
6.232207876262709,3,max_verstappen,0,0
6.792190307873426,1,vettel,1,0
8.57300347503864,6,albon,0,0
9.090398123547818,12,sainz,0,0
10.117390017506033,7,norris,0,0
10.337220759786476,8,gasly,0,0
10.400608675926833,9,hulkenberg,0,0
12.196400737975637,18,raikkonen,0,0
12.631418479962065,15,kvyat,0,0
13.20963660170484,17,kevin_magnussen,0,0
13.239609035301553,19,perez,0,0
13.48267300665815,13,stroll,0,0
13.617170166368394,11,grosjean,0,0
13.62009194832935,10,giovinazzi,0,0
16.054887590766242,16,kubica,0,0
16.349523661460662,20,russell,0,0
