Results,Podium,Driver,Actual,Predicted
2.832909318304963,1,hamilton,1,1
3.7380744507657564,2,bottas,0,0
5.5505363758771145,5,vettel,0,0
5.941140754370281,4,max_verstappen,0,0
6.567550350106505,3,leclerc,0,0
8.721449474117106,6,sainz,0,0
8.723928007304744,10,gasly,0,0
9.803091706897709,11,ricciardo,0,0
10.036662420960146,9,norris,0,0
11.652419806663554,7,raikkonen,0,0
11.699512633974688,8,hulkenberg,0,0
12.55157840521411,15,albon,0,0
12.825020181927721,17,kevin_magnussen,0,0
12.881495394073932,12,perez,0,0
13.464375031737106,14,kvyat,0,0
13.617842180665733,13,stroll,0,0
14.048484421906675,20,grosjean,0,0
15.239133578395352,16,giovinazzi,0,0
16.41658827007507,18,kubica,0,0
16.46819065507349,19,russell,0,0
