Results,Podium,Driver,Actual,Predicted
2.739351295856687,1,hamilton,1,1
3.7223395068802456,2,bottas,0,0
4.357703283870861,3,max_verstappen,0,0
7.098822557564245,4,leclerc,0,0
7.793083533999074,7,perez,0,0
8.410028117529157,12,albon,0,0
9.05027071006217,13,norris,0,0
9.953119626325083,6,sainz,0,0
9.989670321626118,5,gasly,0,0
11.033932671779574,20,stroll,0,0
11.189997227772103,8,ocon,0,0
13.157382898582153,10,vettel,0,0
13.18350527734371,19,kvyat,0,0
14.55275938834515,11,raikkonen,0,0
14.73570016766503,15,giovinazzi,0,0
14.875125164392657,17,grosjean,0,0
15.31840537674802,16,kevin_magnussen,0,0
16.133192040198725,14,russell,0,0
16.476141050011762,18,latifi,0,0
