Results,Podium,Driver,Actual,Predicted
2.7470240177801215,1,hamilton,1,1
3.9948881628566797,3,max_verstappen,0,0
4.546676599188246,2,bottas,0,0
6.994827621329028,6,albon,0,0
8.50098797975907,4,ricciardo,0,0
9.117252958845116,9,stroll,0,0
9.197623272591796,7,norris,0,0
9.678555773425682,14,leclerc,0,0
9.79943074624753,10,perez,0,0
9.995652418789337,20,sainz,0,0
10.512103157872414,5,ocon,0,0
11.99118085625761,8,gasly,0,0
12.148347659276455,13,vettel,0,0
13.32813824819489,11,kvyat,0,0
14.394627332131622,18,giovinazzi,0,0
14.694950330843882,17,kevin_magnussen,0,0
15.102782286873307,12,raikkonen,0,0
15.980345011782417,15,grosjean,0,0
16.06822870818279,19,russell,0,0
16.28190678365027,16,latifi,0,0
