Results,Podium,Driver,Actual,Predicted
4.750515583411135,8,bottas,0,1
5.3362836867150145,19,max_verstappen,0,0
7.866578941715794,1,perez,1,0
7.909560334259032,20,leclerc,0,0
8.591180853580946,5,ricciardo,0,0
9.218183328467482,4,sainz,0,0
10.76982349098697,6,albon,0,0
10.812013164587189,7,kvyat,0,0
11.174535461779447,2,ocon,0,0
11.326979969420929,3,stroll,0,0
11.979687374125985,10,norris,0,0
12.223147756641943,9,russell,0,0
12.258079089555668,11,gasly,0,0
12.769509165143022,12,vettel,0,0
14.225580217062156,13,giovinazzi,0,0
14.551425317559898,15,kevin_magnussen,0,0
14.679705473272314,14,raikkonen,0,0
15.945617049675075,18,latifi,0,0
16.554686368258213,17,pietro_fittipaldi,0,0
16.796727258647305,16,aitken,0,0
