Results,Podium,Driver,Actual,Predicted
3.1568725490388703,3,hamilton,0,1
3.724926915531547,2,bottas,0,0
4.342098200478378,1,max_verstappen,1,0
8.025010501537393,4,albon,0,0
8.028375733400892,5,norris,0,0
8.345352441552812,6,sainz,0,0
9.338357006468708,7,ricciardo,0,0
11.178910994204571,11,kvyat,0,0
11.293485599403182,9,ocon,0,0
11.328412359188214,13,leclerc,0,0
11.552625321341397,10,stroll,0,0
12.173796193204447,8,gasly,0,0
12.759570659708466,14,vettel,0,0
14.435735594363905,12,raikkonen,0,0
14.45366541596112,16,giovinazzi,0,0
15.315235985067654,15,russell,0,0
15.653809448873657,18,kevin_magnussen,0,0
16.440298813307113,17,latifi,0,0
16.86730697220397,19,pietro_fittipaldi,0,0
