Results,Podium,Driver,Actual,Predicted
2.720812169041194,7,hamilton,0,1
3.7078736241679167,5,bottas,0,0
5.824808400879538,17,max_verstappen,0,0
7.135319568933175,3,stroll,0,0
7.598446570528327,4,norris,0,0
8.242885731264673,2,sainz,0,0
8.709248585261495,15,albon,0,0
9.369425386242561,10,perez,0,0
9.785565164387686,1,gasly,1,0
10.028079838988218,6,ricciardo,0,0
11.314837874739467,18,leclerc,0,0
11.56111922281807,8,ocon,0,0
13.050732944832708,9,kvyat,0,0
13.235539620285856,20,vettel,0,0
14.557231260427308,19,kevin_magnussen,0,0
14.7050674800955,16,giovinazzi,0,0
15.307085163694929,13,raikkonen,0,0
15.817076677480172,12,grosjean,0,0
15.838042761467324,11,latifi,0,0
16.50639498778154,14,russell,0,0
