Results,Podium,Driver,Actual,Predicted
2.6528057553692177,3,hamilton,0,1
3.899162615734674,1,bottas,1,0
4.263910786625636,2,max_verstappen,0,0
7.245746078966453,15,norris,0,0
7.940023999850918,5,ricciardo,0,0
8.279809001575739,4,perez,0,0
9.511056589175132,6,leclerc,0,0
9.710514715738016,19,sainz,0,0
9.857191841996512,10,albon,0,0
10.167782655405155,7,ocon,0,0
10.758639553752381,9,gasly,0,0
10.874112545659097,20,stroll,0,0
12.200667709678449,8,kvyat,0,0
12.952715792822739,13,vettel,0,0
14.506842697056527,14,raikkonen,0,0
14.833881111695428,11,giovinazzi,0,0
15.104446094441519,12,kevin_magnussen,0,0
15.967799153571947,17,grosjean,0,0
16.009542571460443,18,russell,0,0
16.437231025064197,16,latifi,0,0
