Results,Podium,Driver,Actual,Predicted
4.276367443308308,1,hamilton,1,1
4.5697202438330615,6,max_verstappen,0,0
4.872799148840606,14,bottas,0,0
5.905469495283962,2,perez,0,0
8.087703235332963,10,ricciardo,0,0
8.382792578305471,7,albon,0,0
9.079552215701296,9,stroll,0,0
10.296708547934136,11,ocon,0,0
10.411784698519302,4,leclerc,0,0
10.68681984047723,5,sainz,0,0
10.829854818290372,8,norris,0,0
11.292340427892796,3,vettel,0,0
13.069026754884966,12,kvyat,0,0
13.101600592189309,13,gasly,0,0
13.239438190924897,20,giovinazzi,0,0
13.413307753074712,15,raikkonen,0,0
14.309522795657681,17,kevin_magnussen,0,0
14.59838313074098,18,grosjean,0,0
