Results,Podium,Driver,Actual,Predicted
2.8892433019696653,1,hamilton,1,1
3.6678067274072,2,bottas,0,0
4.357703283870861,17,max_verstappen,0,0
7.005927762220495,3,ricciardo,0,0
8.489528346414811,5,leclerc,0,0
8.852798056575086,15,albon,0,0
9.109874890739285,8,norris,0,0
9.917506632426447,7,sainz,0,0
10.020761986981821,6,perez,0,0
10.65451231495741,20,gasly,0,0
10.74870765076511,4,kvyat,0,0
11.353483052734655,19,ocon,0,0
11.946841234291867,13,stroll,0,0
13.401263331167936,12,vettel,0,0
14.378606672394188,9,raikkonen,0,0
14.60773598001481,14,grosjean,0,0
14.817334413377864,18,kevin_magnussen,0,0
14.866792449412191,10,giovinazzi,0,0
15.999212491961348,16,russell,0,0
16.24198373666681,11,latifi,0,0
