Results,Podium,Driver,Actual,Predicted
2.8103829040612043,1,hamilton,1,1
3.6025512939823794,19,bottas,0,0
4.3957775110402935,2,max_verstappen,0,0
6.803690050838789,3,ricciardo,0,0
8.02361650757766,17,albon,0,0
8.39696943553385,4,perez,0,0
8.548796852621344,7,leclerc,0,0
8.898474195067884,16,norris,0,0
10.230649416748356,18,ocon,0,0
10.706334417414844,5,sainz,0,0
11.163973712442017,11,vettel,0,0
11.777390395870865,6,gasly,0,0
12.522535527233742,8,hulkenberg,0,0
12.892312708905985,15,kvyat,0,0
14.468033910845211,10,giovinazzi,0,0
14.574930759547517,12,raikkonen,0,0
14.633607824588262,9,grosjean,0,0
14.952555141183812,13,kevin_magnussen,0,0
16.267765083896077,14,latifi,0,0
16.284797802289642,20,russell,0,0
